2006
10
15
19

8
0

22
30

241
2007
10
21


8
0

22
30

8667
2008
10
21


8
0

22
30

6534
2009
10
21


8
0

22
30

6700
2010
10
21


8
0

22
30

9369
2011
10
21


8
0

22
30

5924
2012
10
21


8
0

22
30

1678
2013
10
21


8
0

22
30

9558
2014
10
21


8
0

22
30

7162
2015
10
21


8
0

22
30

4664
2016
10
21


8
0

22
30

5905
2017
10
21


8
0

22
30

8345
2018
10
21


8
0

22
30

3481
2019
10
21


8
0

22
30

7027
2020
10
21


8
0

22
30

10161
2021
10
21


8
0

22
30

691
2022
10
21


8
0

22
30

3195
2023
10
21


8
0

22
30

2142
2024
10
21


8
0

22
30

5027
2025
10
21


